This is the nonogram Pomu Rainpuff made for their outfit debut: https://twitter.com/PomuRainpuff/status/1695553160788488390/photo/1

Rows:
7 1 3 7
1 1 1 3 1 1 1
1 3 1 1 1 1 1 3 1
1 3 1 1 2 2 1 3 1
1 3 1 2 3 1 3 1
1 1 2 2 1 1
7 1 1 1 1 1 7
1 2 1
3 5 1 3 1
1 2 1 1 2 2 1
1 1 2 1 1 2 2
2 1 3 2 2 1 1 2
2 2 1 5 2 1 1
1 2 4 3 1 1
1 2 2 2 1 1 1 1 3
1 1 1 3 4 1
1 1 6 2 6 1 1
5 2 3
7 1 1 1 2 1 1 3
1 1 4 2 1 1 2
1 3 1 1 1 2 6 1
1 3 1 1 1 1 2
1 3 1 2 1 1 1
1 1 2 3 2 1 1 1
7 2 1 4 1 1 2

Columns:
7 2 1 1 1 7
1 1 1 3 1 1 1
1 3 1 2 3 1 1 3 1
1 3 1 2 1 1 3 1
1 3 1 1 2 1 3 1
1 1 1 3 1 1 1
7 1 1 1 1 1 7
2 2 1
1 3 4 6 3
2 2 1 1 1 2 1 3
3 5 5
3 1 2 1 1 1 1
1 1 2 1 8 1 1
2 1 3 3 2 3 2
1 4 1 1 1 2
6 1 1 3 1
1 1 1 1 6 2
2 5 2 1
7 3 2 2 1 1 1
1 1 2 2 2 1
1 3 1 1 1 7
1 3 1 1 1 1 1 2
1 3 1 1 1 3 1
1 1 6 3 2
7 3 1 1 2 1 1